N=8 candidate runs (paper-style upper-bound objective)
date=2026-02-16

P=4
N=8
K=8
objective_C=0.574635506439734584477130580965740940541562834531660396456434790513173498291999859169644369914282`85.17333749414101
nu2_candidate=0.75804716636877852290600937488961132752314800561295629932183298346187564272031`60.
constraint_abs=0``84.98872125403892
kkt_inf=4.943813720895995089767082438549346615724151029561764760004`40.*^-39
a={0.985636074336996724647193948876099112593668582027593152229343430827895670745837301975805347435538`85.99899553740049, 0.016951856974047966026356607174080787411413993822477958280378063603095363834963276865136157604934`83.6707060414072, -0.003794367207048367878059646274250919026082331755194853428306671819157151004095759681561455938941`82.9617579871253, 0.001206435896003677204509090224071019020999755905123742918585177388166116423295180840619950898469`82.90160887833663}

P=8
N=8
K=8
objective_C=0.574622021760447899337952359904924802433672121964907534314396795813745283791858762785566037953155`73.23145306739706
nu2_candidate=0.75803827196286593517574625911140864100162818415472128150135891702306717412477`60.
constraint_abs=0``73.17322366490112
kkt_inf=7.9472257528385196954555645670800916163066875161127648295669`34.68842099341441*^-37
a={0.990190371508552992325772827445854371156895289135740660853005561106513530023555931373293960169333`76.40532008275491, -0.047609157387619098284687363696972898119449642242594218987599154473676093216714058635755601318223`75.40445429251321, -0.035963517013256064907240490761385315960939128529348911678177325191020270496421953653535702374243`74.44993938125748, 1.350801544134148403357480143413125373126940374856123292849916857813429676938156671405345440526517`74.77459811338696, -2.80636291315325797838889783799305515150580856807450237616649637322485018953687405622422485769725`75.16661221375907, 0.687538926806915671794187647225826801067361676526985349228849863830172063912209784813766055797296`73.50706408610917, 2.245108942136232637212553844114669180510125987200714792874312254647858309563895581406552937952416`73.88330190344915, -1.383704197031716563109168769748062360275125988873118588973811684508427027187807900485442233055845`74.06266869934792}
